a1 =

   1.00000
   0.16829
  -0.19228

g =

   0.18777
   0.24980
   0.19211
   0.20295

a1 =

   1.00000
   0.18186
  -0.15020

g =

   0.19103
   0.24975
   0.19587
   0.20530

a1 =

   1.000000
   0.028224
   0.029975

g =

   0.21192
   0.24914
   0.20358
   0.22535

a1 =

   1.00000
  -0.15136
   0.18259

g =

   0.22855
   0.24371
   0.20810
   0.24007

a1 =

   1.00000
  -0.19178
   0.16733

g =

   0.22868
   0.24216
   0.20554
   0.24070

a1 =

   1.0000000
  -0.0558831
  -0.0017703

g =

   0.21226
   0.24760
   0.19807
   0.22729

a1 =

   1.00000
   0.13140
  -0.16924

g =

   0.19126
   0.24998
   0.19246
   0.20674

a1 =

   1.00000
   0.19787
  -0.18112

g =

   0.18764
   0.24956
   0.19412
   0.20209

a1 =

   1.000000
   0.082424
  -0.026470

g =

   0.20542
   0.24981
   0.20142
   0.21921

a1 =

   1.00000
  -0.10880
   0.15251

g =

   0.22535
   0.24541
   0.20748
   0.23738

a1 =

   1.00000
  -0.20000
   0.19128

g =

   0.23041
   0.24164
   0.20697
   0.24185

a1 =

   1.000000
  -0.107315
   0.054181

g =

   0.21827
   0.24593
   0.20033
   0.23254

a1 =

   1.000000
   0.084033
  -0.132727

g =

   0.19627
   0.24991
   0.19344
   0.21195

a1 =

   1.00000
   0.19812
  -0.19761

g =

   0.18614
   0.24953
   0.19286
   0.20084

a1 =

   1.000000
   0.130058
  -0.080808

g =

   0.19907
   0.25000
   0.19915
   0.21310

a1 =

   1.000000
  -0.057581
   0.110285

g =

   0.22083
   0.24713
   0.20629
   0.23346

a1 =

   1.00000
   0.16829
  -0.19228

g =

   0.18777
   0.24980
   0.19211
   0.20295

a1 =

   1.00000
   0.18186
  -0.15020

g =

   0.19103
   0.24975
   0.19587
   0.20530

a1 =

   1.000000
   0.028224
   0.029975

g =

   0.21192
   0.24914
   0.20358
   0.22535

a1 =

   1.00000
  -0.15136
   0.18259

g =

   0.22855
   0.24371
   0.20810
   0.24007

a1 =

   1.00000
  -0.19178
   0.16733

g =

   0.22868
   0.24216
   0.20554
   0.24070

a1 =

   1.0000000
  -0.0558831
  -0.0017703

g =

   0.21226
   0.24760
   0.19807
   0.22729

a1 =

   1.00000
   0.13140
  -0.16924

g =

   0.19126
   0.24998
   0.19246
   0.20674

a1 =

   1.00000
   0.19787
  -0.18112

g =

   0.18764
   0.24956
   0.19412
   0.20209

a1 =

   1.000000
   0.082424
  -0.026470

g =

   0.20542
   0.24981
   0.20142
   0.21921

a1 =

   1.00000
  -0.10880
   0.15251

g =

   0.22535
   0.24541
   0.20748
   0.23738

a1 =

   1.00000
  -0.20000
   0.19128

g =

   0.23041
   0.24164
   0.20697
   0.24185

a1 =

   1.000000
  -0.107315
   0.054181

g =

   0.21827
   0.24593
   0.20033
   0.23254

a1 =

   1.000000
   0.084033
  -0.132727

g =

   0.19627
   0.24991
   0.19344
   0.21195

a1 =

   1.00000
   0.19812
  -0.19761

g =

   0.18614
   0.24953
   0.19286
   0.20084

a1 =

   1.000000
   0.130058
  -0.080808

g =

   0.19907
   0.25000
   0.19915
   0.21310

a1 =

   1.000000
  -0.057581
   0.110285

g =

   0.22083
   0.24713
   0.20629
   0.23346

g =

   0.068664   0.084842   0.107332   0.136800   0.172096   0.208614   0.237778   0.249956   0.240400   0.212871
   0.057584   0.050471   0.046499   0.045178   0.046342   0.050138   0.057033   0.067835   0.083657   0.105723
   0.239124   0.210758   0.174414   0.138863   0.108969   0.086051   0.069513   0.058150   0.050817   0.046666

a1 =

   1.00000
   0.16829
  -0.19228

g =

   0.18777
   0.24980
   0.19211
   0.20295

a1 =

   1.00000
   0.18186
  -0.15020

g =

   0.19103
   0.24975
   0.19587
   0.20530

a1 =

   1.000000
   0.028224
   0.029975

g =

   0.21192
   0.24914
   0.20358
   0.22535

a1 =

   1.00000
  -0.15136
   0.18259

g =

   0.22855
   0.24371
   0.20810
   0.24007

a1 =

   1.00000
  -0.19178
   0.16733

g =

   0.22868
   0.24216
   0.20554
   0.24070

a1 =

   1.0000000
  -0.0558831
  -0.0017703

g =

   0.21226
   0.24760
   0.19807
   0.22729

a1 =

   1.00000
   0.13140
  -0.16924

g =

   0.19126
   0.24998
   0.19246
   0.20674

a1 =

   1.00000
   0.19787
  -0.18112

g =

   0.18764
   0.24956
   0.19412
   0.20209

a1 =

   1.000000
   0.082424
  -0.026470

g =

   0.20542
   0.24981
   0.20142
   0.21921

a1 =

   1.00000
  -0.10880
   0.15251

g =

   0.22535
   0.24541
   0.20748
   0.23738

a1 =

   1.00000
  -0.20000
   0.19128

g =

   0.23041
   0.24164
   0.20697
   0.24185

a1 =

   1.000000
  -0.107315
   0.054181

g =

   0.21827
   0.24593
   0.20033
   0.23254

a1 =

   1.000000
   0.084033
  -0.132727

g =

   0.19627
   0.24991
   0.19344
   0.21195

a1 =

   1.00000
   0.19812
  -0.19761

g =

   0.18614
   0.24953
   0.19286
   0.20084

a1 =

   1.000000
   0.130058
  -0.080808

g =

   0.19907
   0.25000
   0.19915
   0.21310

a1 =

   1.000000
  -0.057581
   0.110285

g =

   0.22083
   0.24713
   0.20629
   0.23346

a1 =

   1.00000
   0.16829
  -0.19228

g =

   0.18777
   0.24980
   0.19211
   0.20295

a1 =

   1.00000
   0.18186
  -0.15020

g =

   0.19103
   0.24975
   0.19587
   0.20530

a1 =

   1.000000
   0.028224
   0.029975

g =

   0.21192
   0.24914
   0.20358
   0.22535

a1 =

   1.00000
  -0.15136
   0.18259

g =

   0.22855
   0.24371
   0.20810
   0.24007

a1 =

   1.00000
  -0.19178
   0.16733

g =

   0.22868
   0.24216
   0.20554
   0.24070

a1 =

   1.0000000
  -0.0558831
  -0.0017703

g =

   0.21226
   0.24760
   0.19807
   0.22729

a1 =

   1.00000
   0.13140
  -0.16924

g =

   0.19126
   0.24998
   0.19246
   0.20674

a1 =

   1.00000
   0.19787
  -0.18112

g =

   0.18764
   0.24956
   0.19412
   0.20209

a1 =

   1.000000
   0.082424
  -0.026470

g =

   0.20542
   0.24981
   0.20142
   0.21921

a1 =

   1.00000
  -0.10880
   0.15251

g =

   0.22535
   0.24541
   0.20748
   0.23738

a1 =

   1.00000
  -0.20000
   0.19128

g =

   0.23041
   0.24164
   0.20697
   0.24185

a1 =

   1.000000
  -0.107315
   0.054181

g =

   0.21827
   0.24593
   0.20033
   0.23254

a1 =

   1.000000
   0.084033
  -0.132727

g =

   0.19627
   0.24991
   0.19344
   0.21195

a1 =

   1.00000
   0.19812
  -0.19761

g =

   0.18614
   0.24953
   0.19286
   0.20084

a1 =

   1.000000
   0.130058
  -0.080808

g =

   0.19907
   0.25000
   0.19915
   0.21310

a1 =

   1.000000
  -0.057581
   0.110285

g =

   0.22083
   0.24713
   0.20629
   0.23346

== 
==                                   Part Name |     Score | Feedback
==                                   --------- |     ----- | --------
==               Feedforward and Cost Function |  30 /  30 | Nice work!
==                   Regularized Cost Function |  15 /  15 | Nice work!
==                            Sigmoid Gradient |   5 /   5 | Nice work!
==   Neural Network Gradient (Backpropagation) |  40 /  40 | Nice work!
==                        Regularized Gradient |  10 /  10 | Nice work!
==                                   --------------------------------
==                                             | 100 / 100 | 
== 
