
Initializing Neural Network Parameters ...

Checking Backpropagation... 
a1 =

   1.000000
   0.084147
  -0.027942
  -0.099999

g =

   0.24952
   0.24928
   0.24995
   0.24963
   0.24923

a1 =

   1.000000
   0.090930
   0.065699
  -0.053657

g =

   0.24963
   0.24939
   0.24994
   0.24973
   0.24936

a1 =

   1.000000
   0.014112
   0.098936
   0.042017

g =

   0.24967
   0.24958
   0.24998
   0.24974
   0.24953

a1 =

   1.000000
  -0.075680
   0.041212
   0.099061

g =

   0.24961
   0.24966
   0.25000
   0.24967
   0.24960

a1 =

   1.000000
  -0.095892
  -0.054402
   0.065029

g =

   0.24949
   0.24959
   0.25000
   0.24956
   0.24951

a1 =

   1.000000
   0.084147
  -0.027942
  -0.099999

g =

   0.24952
   0.24928
   0.24995
   0.24963
   0.24923

a1 =

   1.000000
   0.090930
   0.065699
  -0.053657

g =

   0.24963
   0.24939
   0.24994
   0.24973
   0.24936

a1 =

   1.000000
   0.014112
   0.098936
   0.042017

g =

   0.24967
   0.24958
   0.24998
   0.24974
   0.24953

a1 =

   1.000000
  -0.075680
   0.041212
   0.099061

g =

   0.24961
   0.24966
   0.25000
   0.24967
   0.24960

a1 =

   1.000000
  -0.095892
  -0.054402
   0.065029

g =

   0.24949
   0.24959
   0.25000
   0.24956
   0.24951

a1 =

   1.000000
   0.084147
  -0.027942
  -0.099999

g =

   0.24952
   0.24928
   0.24995
   0.24963
   0.24923

a1 =

   1.000000
   0.090930
   0.065699
  -0.053657

g =

   0.24963
   0.24939
   0.24994
   0.24973
   0.24936

a1 =

   1.000000
   0.014112
   0.098936
   0.042017

g =

   0.24967
   0.24958
   0.24998
   0.24974
   0.24953

a1 =

   1.000000
  -0.075680
   0.041212
   0.099061

g =

   0.24961
   0.24966
   0.25000
   0.24967
   0.24960

a1 =

   1.000000
  -0.095892
  -0.054402
   0.065029

g =

   0.24949
   0.24959
   0.25000
   0.24956
   0.24951

a1 =

   1.000000
   0.084147
  -0.027942
  -0.099999

g =

   0.24952
   0.24928
   0.24995
   0.24963
   0.24923

a1 =

   1.000000
   0.090930
   0.065699
  -0.053657

g =

   0.24963
   0.24940
   0.24994
   0.24973
   0.24936

a1 =

   1.000000
   0.014112
   0.098936
   0.042017

g =

   0.24967
   0.24958
   0.24998
   0.24974
   0.24953

a1 =

   1.000000
  -0.075680
   0.041212
   0.099061

g =

   0.24961
   0.24966
   0.25000
   0.24967
   0.24960

a1 =

   1.000000
  -0.095892
  -0.054402
   0.065029

g =

   0.24949
   0.24959
   0.25000
   0.24956
   0.24951

a1 =

   1.000000
   0.084147
  -0.027942
  -0.099999

g =

   0.24952
   0.24928
   0.24995
   0.24963
   0.24923

a1 =

   1.000000
   0.090930
   0.065699
  -0.053657

g =

   0.24963
   0.24939
   0.24994
   0.24973
   0.24936

a1 =

   1.000000
   0.014112
   0.098936
   0.042017

g =

   0.24967
   0.24957
   0.24998
   0.24974
   0.24953

a1 =

   1.000000
  -0.075680
   0.041212
   0.099061

g =

   0.24961
   0.24966
   0.25000
   0.24967
   0.24960

a1 =

   1.000000
  -0.095892
  -0.054402
   0.065029

g =

   0.24949
   0.24959
   0.25000
   0.24956
   0.24951

a1 =

   1.000000
   0.084147
  -0.027942
  -0.099999

g =

   0.24952
   0.24928
   0.24995
   0.24963
   0.24923

a1 =

   1.000000
   0.090930
   0.065699
  -0.053657

g =

   0.24963
   0.24939
   0.24994
   0.24973
   0.24936

a1 =

   1.000000
   0.014112
   0.098936
   0.042017

g =

   0.24967
   0.24958
   0.24998
   0.24974
   0.24953

a1 =

   1.000000
  -0.075680
   0.041212
   0.099061

g =

   0.24961
   0.24966
   0.25000
   0.24967
   0.24960

a1 =

   1.000000
  -0.095892
  -0.054402
   0.065029

g =

   0.24949
   0.24959
   0.25000
   0.24956
   0.24951

a1 =

   1.000000
   0.084147
  -0.027942
  -0.099999

g =

   0.24952
   0.24928
   0.24995
   0.24963
   0.24923

a1 =

   1.000000
   0.090930
   0.065699
  -0.053657

g =

   0.24963
   0.24939
   0.24994
   0.24973
   0.24936

a1 =

   1.000000
   0.014112
   0.098936
   0.042017

g =

   0.24967
   0.24958
   0.24998
   0.24974
   0.24953

a1 =

   1.000000
  -0.075680
   0.041212
   0.099061

g =

   0.24961
   0.24966
   0.25000
   0.24967
   0.24960

a1 =

   1.000000
  -0.095892
  -0.054402
   0.065029

g =

   0.24949
   0.24959
   0.25000
   0.24956
   0.24951

a1 =

   1.000000
   0.084147
  -0.027942
  -0.099999

g =

   0.24952
   0.24928
   0.24995
   0.24963
   0.24923

a1 =

   1.000000
   0.090930
   0.065699
  -0.053657

g =

   0.24963
   0.24939
   0.24994
   0.24973
   0.24936

a1 =

   1.000000
   0.014112
   0.098936
   0.042017

g =

   0.24967
   0.24958
   0.24998
   0.24974
   0.24953

a1 =

   1.000000
  -0.075680
   0.041212
   0.099061

g =

   0.24961
   0.24966
   0.25000
   0.24966
   0.24960

a1 =

   1.000000
  -0.095892
  -0.054402
   0.065029

g =

   0.24949
   0.24959
   0.25000
   0.24956
   0.24951

a1 =

   1.000000
   0.084147
  -0.027942
  -0.099999

g =

   0.24952
   0.24928
   0.24995
   0.24964
   0.24923

a1 =

   1.000000
   0.090930
   0.065699
  -0.053657

g =

   0.24963
   0.24939
   0.24994
   0.24973
   0.24936

a1 =

   1.000000
   0.014112
   0.098936
   0.042017

g =

   0.24967
   0.24958
   0.24998
   0.24974
   0.24953

a1 =

   1.000000
  -0.075680
   0.041212
   0.099061

g =

   0.24961
   0.24966
   0.25000
   0.24967
   0.24960

a1 =

   1.000000
  -0.095892
  -0.054402
   0.065029

g =

   0.24949
   0.24959
   0.25000
   0.24956
   0.24951

a1 =

   1.000000
   0.084147
  -0.027942
  -0.099999

g =

   0.24952
   0.24928
   0.24995
   0.24963
   0.24922

a1 =

   1.000000
   0.090930
   0.065699
  -0.053657

g =

   0.24963
   0.24939
   0.24994
   0.24973
   0.24936

a1 =

   1.000000
   0.014112
   0.098936
   0.042017

g =

   0.24967
   0.24958
   0.24998
   0.24974
   0.24953

a1 =

   1.000000
  -0.075680
   0.041212
   0.099061

g =

   0.24961
   0.24966
   0.25000
   0.24967
   0.24960

a1 =

   1.000000
  -0.095892
  -0.054402
   0.065029

g =

   0.24949
   0.24959
   0.25000
   0.24956
   0.24951

a1 =

   1.000000
   0.084147
  -0.027942
  -0.099999

g =

   0.24952
   0.24928
   0.24995
   0.24963
   0.24923

a1 =

   1.000000
   0.090930
   0.065699
  -0.053657

g =

   0.24963
   0.24939
   0.24994
   0.24973
   0.24936

a1 =

   1.000000
   0.014112
   0.098936
   0.042017

g =

   0.24967
   0.24958
   0.24998
   0.24974
   0.24954

a1 =

   1.000000
  -0.075680
   0.041212
   0.099061

g =

   0.24961
   0.24966
   0.25000
   0.24967
   0.24960

a1 =

   1.000000
  -0.095892
  -0.054402
   0.065029

g =

   0.24949
   0.24959
   0.25000
   0.24956
   0.24951

a1 =

   1.000000
   0.084147
  -0.027942
  -0.099999

g =

   0.24952
   0.24928
   0.24995
   0.24963
   0.24923

a1 =

   1.000000
   0.090930
   0.065699
  -0.053657

g =

   0.24963
   0.24939
   0.24994
   0.24973
   0.24936

a1 =

   1.000000
   0.014112
   0.098936
   0.042017

g =

   0.24967
   0.24958
   0.24998
   0.24974
   0.24953

a1 =

   1.000000
  -0.075680
   0.041212
   0.099061

g =

   0.24961
   0.24966
   0.25000
   0.24967
   0.24960

a1 =

   1.000000
  -0.095892
  -0.054402
   0.065029

g =

   0.24949
   0.24959
   0.25000
   0.24956
   0.24951

a1 =

   1.000000
   0.084147
  -0.027942
  -0.099999

g =

   0.24952
   0.24928
   0.24995
   0.24963
   0.24923

a1 =

   1.000000
   0.090930
   0.065699
  -0.053657

g =

   0.24963
   0.24939
   0.24994
   0.24973
   0.24936

a1 =

   1.000000
   0.014112
   0.098936
   0.042017

g =

   0.24967
   0.24958
   0.24998
   0.24974
   0.24953

a1 =

   1.000000
  -0.075680
   0.041212
   0.099061

g =

   0.24961
   0.24966
   0.25000
   0.24967
   0.24960

a1 =

   1.000000
  -0.095892
  -0.054402
   0.065029

g =

   0.24949
   0.24959
   0.25000
   0.24956
   0.24951

a1 =

   1.000000
   0.084147
  -0.027942
  -0.099999

g =

   0.24952
   0.24928
   0.24995
   0.24963
   0.24923

a1 =

   1.000000
   0.090930
   0.065699
  -0.053657

g =

   0.24963
   0.24939
   0.24994
   0.24973
   0.24936

a1 =

   1.000000
   0.014112
   0.098936
   0.042017

g =

   0.24967
   0.24958
   0.24998
   0.24974
   0.24953

