# Created by Octave 3.8.0, Sun Sep 27 15:45:41 2015 EDT <ramani@Ramanis-MacBook-Pro.local>
# name: v
# type: matrix
# rows: 10
# columns: 1
 3999
 3299
 3690
 2320
 5399
 2999
 3149
 1989
 2120
 2425


